cargo,truck,distance
